./imported_cnfs/Max3Sat_2016/s3v110c700-2.cnf
700
4200
700
-89 -92 35 
-10 -15 70 
-85 1 -13 
9 86 98 
-1 17 -78 
-43 -7 64 
94 -1 39 
-69 39 18 
46 21 28 
36 30 -59 
86 66 -94 
-64 -18 87 
10 -29 -80 
-80 -46 2 
-39 4 -61 
-75 93 -40 
35 -86 91 
51 88 -80 
2 -84 -14 
-34 -10 -97 
-68 72 -85 
71 -55 82 
-102 6 26 
40 27 -5 
36 64 -94 
-15 6 -53 
-96 74 -18 
6 -5 89 
-63 -6 -31 
41 95 -14 
-5 21 -67 
19 -107 33 
-9 -70 52 
101 54 -23 
-81 -50 -66 
46 78 -93 
-72 -43 100 
-41 -88 12 
109 -65 -56 
-102 56 -5 
-18 -86 -46 
-103 49 -2 
35 -83 58 
-49 -62 -86 
-60 74 7 
-33 37 23 
37 29 -49 
-8 -45 64 
-87 30 79 
14 84 15 
67 -71 -90 
75 25 29 
-9 -79 -72 
51 89 -58 
16 86 12 
-103 85 6 
-61 -87 -27 
-98 -97 -31 
-39 2 -68 
-94 20 -46 
41 47 34 
-48 -79 23 
-27 -46 98 
-36 34 50 
-64 -2 73 
-59 -38 -64 
29 -22 -50 
53 -12 44 
89 -105 -72 
82 51 -93 
60 -108 -17 
94 -9 -11 
-32 3 -9 
-4 21 -71 
57 -20 110 
18 13 47 
24 10 -36 
32 76 98 
-7 44 -52 
26 -66 -11 
74 12 87 
-37 -70 -12 
57 -27 -21 
76 74 105 
7 -67 -70 
-90 -56 74 
-68 -102 -79 
26 10 -100 
-108 20 -19 
-107 -43 -17 
-19 -39 53 
-102 63 -110 
34 -58 72 
-80 -102 -36 
-48 90 -5 
62 64 -103 
13 -38 -50 
74 -33 30 
-51 25 -15 
49 61 88 
-7 -76 87 
97 -93 -60 
9 -68 91 
61 -43 -76 
68 23 -50 
18 -3 -49 
5 -65 -21 
-50 16 -59 
39 -51 45 
76 28 -31 
89 -57 70 
98 79 107 
87 59 -71 
-20 -75 -19 
-73 -44 6 
60 -38 -101 
-60 -53 34 
-1 -39 102 
-40 95 -102 
36 11 -3 
-86 -63 100 
-32 -30 -108 
-107 87 -98 
16 87 -46 
-75 71 -105 
29 88 60 
-73 85 60 
19 36 -12 
68 40 -36 
-97 -11 30 
89 7 -9 
69 -98 -37 
-54 -77 2 
15 40 65 
10 30 -11 
-72 100 105 
-33 97 -6 
35 59 30 
63 -29 -42 
18 89 4 
17 -91 3 
29 93 17 
98 87 -80 
-18 -76 -13 
34 1 -70 
50 -46 69 
-83 86 2 
-11 108 30 
-74 -32 -9 
68 14 103 
-6 100 68 
-94 14 -99 
-38 -13 106 
110 67 40 
110 -35 102 
-33 74 -80 
-91 19 -82 
-4 35 -75 
-71 94 14 
-78 27 68 
82 -87 5 
34 65 28 
85 -34 -84 
22 65 94 
69 -1 -36 
-69 -42 65 
83 16 103 
50 105 56 
23 -66 5 
15 -60 -39 
-29 44 40 
23 -90 -37 
-38 30 -53 
33 -74 52 
75 95 -102 
2 64 12 
-63 -70 -109 
-47 -12 -8 
86 -29 -23 
-70 31 86 
29 -36 74 
-60 29 80 
36 65 -67 
103 -29 90 
-7 -15 -76 
-103 106 35 
76 96 29 
-101 79 1 
-9 4 83 
-34 25 43 
108 -109 5 
-32 -30 -26 
-108 66 37 
53 21 -52 
-53 43 -95 
-105 -38 100 
-39 101 83 
-22 49 5 
107 99 39 
-8 66 90 
-93 46 58 
-25 83 -8 
47 58 108 
-68 3 34 
43 58 2 
-42 32 99 
6 28 5 
-73 72 -99 
6 -80 107 
-85 8 105 
29 -72 -75 
49 -67 106 
-94 43 -93 
-77 9 74 
11 -21 -47 
48 26 -38 
92 55 -87 
-19 -67 -91 
68 79 -48 
42 35 -22 
-95 -58 26 
-89 82 -68 
64 26 48 
-18 84 -86 
-41 -48 -26 
-51 -79 -5 
89 54 -77 
-27 73 108 
-82 -23 -98 
-48 -19 41 
20 -21 -103 
-19 74 12 
-67 -36 -93 
-79 82 -12 
-60 77 -8 
14 -60 -108 
-74 -102 -58 
-107 -43 -102 
-78 76 -73 
-78 -92 -69 
-63 -95 58 
-44 66 -23 
58 37 42 
41 -94 5 
-106 41 -19 
62 78 -85 
-41 -73 -31 
-62 -12 108 
33 -102 -107 
-74 100 109 
-82 5 92 
21 56 82 
12 -71 -47 
22 96 -99 
-87 -97 83 
-100 -50 31 
-91 -15 -100 
97 -77 68 
31 108 7 
-1 -103 -16 
109 67 34 
-73 -18 -43 
61 -66 75 
40 20 -48 
-76 39 55 
-76 10 89 
-28 -1 33 
69 14 -68 
83 71 76 
-83 42 27 
30 -62 28 
56 100 -77 
85 -66 -37 
-90 -58 -59 
-82 -37 103 
-48 19 -108 
-9 104 87 
-54 -94 -95 
73 -80 -30 
-83 51 21 
10 -95 -29 
-104 69 -70 
-110 -99 62 
-66 -41 -23 
-80 -34 -42 
110 9 75 
-105 -10 93 
-33 -89 -16 
-37 29 -25 
-51 -93 10 
72 82 18 
61 -105 42 
-71 -91 -109 
-69 -3 100 
-70 -3 -96 
-88 -56 41 
-28 -42 -36 
-91 46 75 
50 -90 -42 
42 32 -106 
97 -90 36 
-67 -2 59 
86 52 -79 
90 80 79 
15 -51 -73 
99 -65 54 
-41 48 -30 
-23 -15 -42 
-90 -44 42 
-99 -79 -101 
-26 -78 25 
107 32 -54 
-16 44 -108 
-19 -15 -105 
-110 61 29 
-61 39 -85 
91 4 108 
17 -45 -63 
-76 -11 -2 
20 -70 24 
56 -10 -75 
-105 -75 86 
-11 16 49 
-60 -105 51 
25 86 80 
85 -79 39 
-21 -103 -98 
110 -106 2 
89 -19 -27 
40 104 -67 
-38 -16 -59 
-99 -85 50 
-72 79 -31 
105 106 -8 
-2 -64 81 
-49 -110 -29 
-54 63 68 
-29 -110 7 
48 -68 19 
33 90 -106 
16 -97 67 
-28 38 95 
23 -59 30 
-55 53 71 
32 -10 -109 
-51 45 23 
-13 -66 -39 
21 45 -84 
-102 -107 11 
-64 -29 -51 
19 -4 -43 
96 -1 26 
-86 -19 -56 
17 60 -106 
67 75 -21 
5 -45 -88 
8 -71 -78 
-44 71 95 
-98 -35 2 
-85 18 87 
-79 -30 48 
-22 84 -94 
66 50 -39 
-103 26 92 
-6 -93 -60 
96 56 -4 
56 23 -53 
8 78 108 
-104 9 -63 
-17 -9 54 
51 -86 54 
-64 110 77 
110 -89 -24 
40 5 -12 
-31 16 -27 
-48 -92 33 
-15 53 9 
7 -44 -109 
-89 20 108 
-73 -64 20 
-46 -107 -7 
-87 -3 -49 
5 100 27 
-107 -26 -105 
61 -12 20 
-95 -68 52 
40 58 -97 
30 105 33 
45 -27 23 
92 -96 -41 
-16 -15 -28 
9 -17 62 
-63 87 25 
13 -69 52 
-58 82 -13 
-75 -18 83 
68 105 60 
-49 -90 93 
99 87 -76 
-67 -71 37 
38 24 57 
53 -83 -38 
-9 40 45 
-108 101 -96 
-28 -97 69 
103 -41 -50 
-56 28 -21 
-66 -58 20 
53 -50 14 
-43 66 -81 
99 14 -28 
21 72 110 
16 84 76 
-65 -82 74 
-91 30 109 
-48 14 33 
47 72 10 
65 19 2 
54 -9 -2 
-60 68 18 
78 65 -56 
-50 77 -70 
-88 -77 91 
9 -51 44 
109 -18 -88 
59 45 -60 
-2 95 -56 
33 -21 35 
-48 7 82 
-1 15 57 
84 -89 68 
-13 94 97 
-26 -87 50 
-92 37 -56 
102 -18 87 
72 80 -95 
31 -16 61 
-46 -109 -91 
-34 -40 7 
51 94 41 
33 103 7 
94 -52 -25 
48 -3 106 
109 -22 -95 
-29 -50 -71 
107 109 95 
12 109 57 
33 90 17 
-83 8 26 
44 41 76 
-106 -107 40 
96 10 -53 
-57 -77 -74 
-79 78 -89 
-19 -78 33 
-26 -78 29 
-9 -44 -37 
45 -34 49 
-90 -75 11 
-60 -88 -13 
14 97 62 
-70 60 52 
78 -55 -61 
-59 -42 -23 
3 60 69 
-110 -55 -17 
70 57 17 
-40 20 81 
-48 93 -75 
51 -54 -24 
39 70 -9 
13 -90 -53 
56 31 14 
59 69 -31 
97 -80 -26 
-75 -18 -54 
79 85 55 
16 -60 -77 
-78 -34 -57 
-81 44 56 
91 -18 52 
109 -70 -100 
-99 106 52 
-53 -102 62 
84 -71 -52 
64 -47 14 
20 81 74 
2 -12 -50 
81 19 -67 
-40 101 -17 
-87 -83 -20 
-105 107 -72 
-12 -8 -106 
-26 -32 -90 
-39 -103 96 
29 61 -87 
40 45 -61 
-96 -14 74 
52 -102 56 
27 -12 -1 
-18 96 -36 
59 -75 20 
76 61 36 
63 93 -103 
16 41 87 
101 -71 -30 
1 14 -29 
-43 99 -55 
-80 -89 -78 
37 2 -23 
-58 9 -36 
-41 -35 5 
63 -99 16 
-103 -37 21 
-52 35 9 
-40 -106 -35 
-66 -13 103 
98 35 -37 
-45 -34 30 
-73 46 -62 
108 49 -105 
-100 80 -89 
-30 27 95 
60 75 89 
-104 -100 -67 
-72 -49 61 
-93 -32 -5 
-105 98 -50 
-10 91 -26 
-104 -5 -69 
-16 41 -7 
-102 -17 -100 
62 86 -47 
-77 46 -45 
73 -27 60 
-100 -103 -69 
64 -61 -9 
3 9 75 
3 -87 -47 
102 -42 -107 
80 -62 77 
30 -11 96 
-27 66 -51 
102 7 36 
8 -46 47 
88 -66 71 
-89 -23 -29 
-6 -88 48 
6 -72 59 
-47 7 48 
101 -99 -61 
-21 -7 -107 
101 45 -26 
-53 -86 27 
31 -91 77 
-4 90 -101 
33 43 92 
8 -19 -94 
110 -8 -83 
55 22 38 
22 -39 9 
-97 26 -74 
-16 -63 -10 
-106 95 -83 
-25 -65 97 
-91 106 60 
-20 -104 78 
-84 -88 -85 
58 82 -54 
-105 75 -18 
-2 -8 -98 
-4 -16 -100 
-104 -82 38 
-38 13 96 
-46 39 1 
56 -22 35 
40 -86 46 
90 50 -16 
31 56 93 
51 84 -64 
78 93 -105 
-32 -66 -52 
12 -74 -48 
-107 10 12 
-6 76 -23 
43 -95 -42 
3 -18 23 
-53 107 -80 
-56 -20 -70 
7 -4 -61 
89 5 62 
-87 -44 66 
-7 40 -48 
-37 86 -90 
91 -51 92 
-8 -58 -59 
-6 54 33 
12 -61 59 
-74 -67 -108 
-49 50 67 
97 77 -69 
61 99 91 
-32 103 62 
-109 -103 -106 
-110 -48 38 
75 -34 -7 
-80 -66 46 
22 100 109 
-110 -11 39 
77 72 84 
-51 14 74 
-12 -3 -107 
-104 14 94 
-32 15 -14 
-106 -87 -47 
-9 -31 110 
14 99 35 
-4 39 40 
101 63 -70 
89 -18 57 
11 -106 67 
-43 -91 -33 
104 -105 7 
89 -83 100 
-18 -65 30 
-110 101 -12 
110 44 -71 
110 6 57 
44 -18 -12 
-45 84 53 
-90 48 23 
81 3 -68 
103 34 85 
-88 85 -31 
86 52 70 
-60 -105 -55 
-107 -67 -60 
34 101 -18 
22 17 34 
-39 91 -93 
-6 68 -103 
-9 -37 46 
-53 26 -34 
19 -55 -90 
-93 36 -74 
-74 -40 -39 
-46 -109 -7 
-25 -10 -23 
22 100 -1 
-94 -24 -33 
-29 63 -107 
38 65 96 
-41 70 63 
10 39 -22 
8 -23 -87 
-107 -110 29 
-90 105 2 
-18 79 7 
2 42 -63 
-86 -59 -14 
-28 -96 94 
-104 68 -46 
42 49 -53 
72 21 -17 
15 -20 17 
-13 -110 -101 
-47 50 -37 
65 87 7 
-92 96 -45 
-66 24 -108 
-89 -64 80 
-48 -106 75 
42 43 95 
73 31 104 
-97 -95 -26 
64 45 -32 
58 62 -87 
31 78 106 
24 -89 -76 
20 -83 88 
13 20 -89 
25 110 -54 
-64 -52 -57 
-104 -90 51 
63 -16 -10 
-85 74 96 
-56 33 -37 
89 97 -110 
108 -40 46 
-86 -62 57 
61 76 -82 
84 -11 -83 
-31 69 -97 
7 70 33 
-67 -58 103 
24 36 -100 
-26 83 -109 
-99 110 46 
-71 -93 -62 
-33 -41 62 
