1904
111
2
1 0 1 
0 0 2 
-4 0 3 
-4 0 4 
0 0 5 
3 0 6 
-5 0 7 
2 0 8 
-1 0 9 
4 0 10 
0 0 11 
1 0 12 
1 0 13 
-1 0 14 
4 0 15 
5 0 16 
0 0 17 
-4 0 18 
5 0 19 
-3 0 20 
4 0 21 
1 0 22 
-5 0 23 
3 0 24 
1 0 25 
-5 0 26 
-9 0 27 
1 0 28 
-4 0 29 
-1 0 30 
-4 0 31 
-9 0 32 
2 0 33 
3 0 34 
-9 0 35 
-1 0 36 
4 0 37 
-8 0 38 
3 0 39 
1 0 40 
2 0 41 
-5 0 42 
0 0 43 
3 0 44 
-3 0 45 
9 0 46 
9 0 47 
-1 0 48 
1 0 49 
0 0 50 
-7 0 51 
-1 0 52 
-3 0 53 
-2 0 54 
0 0 55 
2 0 56 
-4 0 57 
2 0 58 
8 0 59 
-3 0 60 
-5 0 61 
3 0 62 
1 0 63 
4 0 64 
6 0 65 
-1 0 66 
0 0 67 
0 0 68 
3 0 69 
11 0 70 
0 0 71 
8 0 72 
-3 0 73 
5 0 74 
-1 0 75 
-7 0 76 
9 0 77 
-6 0 78 
-7 0 79 
0 0 80 
-2 0 81 
1 0 82 
-1 0 83 
-3 0 84 
4 0 85 
-1 0 86 
5 0 87 
-2 0 88 
-1 0 89 
2 0 90 
-2 0 91 
2 0 92 
-6 0 93 
4 0 94 
5 0 95 
-1 0 96 
-5 0 97 
2 0 98 
1 0 99 
-6 0 100 
-1 0 101 
1 0 102 
4 0 103 
-1 0 104 
2 0 105 
7 0 106 
2 0 107 
-3 0 108 
-3 0 109 
-1 0 110 
1 1 4 
2 1 6 
1 1 18 
1 1 30 
-1 1 33 
1 1 34 
1 1 36 
1 1 39 
-1 1 47 
1 1 50 
1 1 52 
1 1 56 
2 1 62 
1 1 65 
1 1 68 
-1 1 75 
-1 1 77 
-1 1 82 
1 1 87 
1 1 90 
1 1 94 
-1 1 96 
1 1 101 
1 1 104 
-1 2 3 
-2 2 4 
1 2 12 
1 2 13 
2 2 16 
1 2 17 
-1 2 25 
1 2 26 
1 2 27 
1 2 29 
0 2 35 
-1 2 40 
1 2 44 
1 2 46 
-1 2 47 
0 2 49 
-1 2 55 
0 2 61 
-1 2 70 
1 2 71 
-1 2 72 
-1 2 75 
1 2 80 
-1 2 86 
1 2 90 
1 2 91 
-1 2 96 
-1 2 102 
1 2 104 
-1 3 4 
-1 3 5 
-1 3 6 
-2 3 7 
1 3 8 
-1 3 15 
1 3 18 
-1 3 29 
1 3 30 
-1 3 31 
-1 3 42 
-1 3 47 
-1 3 49 
-1 3 51 
-1 3 52 
2 3 64 
-1 3 65 
1 3 67 
-1 3 68 
1 3 70 
2 3 71 
1 3 74 
1 3 80 
1 3 81 
0 3 82 
-1 3 84 
1 3 86 
-1 3 101 
1 3 102 
-1 3 103 
-1 3 109 
0 4 10 
-1 4 11 
-1 4 12 
1 4 16 
-1 4 17 
-1 4 22 
1 4 28 
-1 4 33 
1 4 34 
-1 4 39 
-1 4 40 
1 4 44 
1 4 50 
-1 4 52 
0 4 54 
-1 4 56 
-1 4 57 
0 4 58 
1 4 59 
1 4 60 
0 4 62 
1 4 63 
-1 4 67 
-1 4 69 
2 4 70 
-1 4 74 
-1 4 87 
1 4 88 
0 4 91 
-1 4 92 
1 4 96 
1 4 100 
-1 4 105 
1 4 106 
1 5 6 
-1 5 7 
1 5 8 
1 5 10 
0 5 11 
0 5 12 
-1 5 18 
1 5 19 
-2 5 24 
-1 5 32 
1 5 35 
-1 5 37 
-1 5 38 
2 5 42 
-1 5 46 
1 5 51 
1 5 52 
1 5 54 
-1 5 56 
-1 5 57 
-1 5 58 
0 5 60 
1 5 65 
1 5 66 
1 5 71 
1 5 72 
1 5 75 
-1 5 77 
-1 5 83 
1 5 84 
1 5 87 
1 5 90 
-1 5 91 
1 5 92 
1 5 94 
-1 5 96 
-1 5 97 
0 5 102 
1 5 109 
0 6 7 
-1 6 8 
1 6 10 
-1 6 13 
-1 6 22 
1 6 25 
1 6 28 
-1 6 29 
-1 6 30 
-1 6 32 
1 6 34 
0 6 35 
1 6 36 
0 6 37 
1 6 39 
-1 6 42 
0 6 43 
1 6 48 
-1 6 51 
-1 6 57 
1 6 59 
-1 6 62 
-1 6 65 
-1 6 74 
-1 6 76 
-1 6 77 
1 6 82 
1 6 88 
1 6 90 
1 6 91 
1 6 94 
1 6 95 
-2 6 96 
1 6 98 
1 6 102 
0 6 106 
2 6 110 
-1 7 9 
-1 7 15 
0 7 19 
1 7 25 
1 7 27 
1 7 30 
1 7 34 
1 7 35 
1 7 42 
-1 7 45 
-1 7 46 
-1 7 49 
1 7 50 
1 7 55 
2 7 60 
-1 7 63 
-1 7 70 
-1 7 71 
0 7 73 
-1 7 78 
1 7 79 
1 7 81 
1 7 82 
-1 7 90 
-1 7 93 
1 7 94 
1 7 98 
1 7 101 
-1 7 104 
1 7 109 
1 8 16 
1 8 17 
-1 8 19 
-1 8 23 
-1 8 25 
1 8 30 
1 8 34 
-1 8 40 
-1 8 41 
1 8 43 
0 8 44 
1 8 46 
1 8 47 
1 8 50 
1 8 56 
-1 8 59 
1 8 68 
-1 8 73 
-1 8 76 
1 8 77 
1 8 91 
-1 8 93 
-1 8 95 
-1 8 102 
1 9 16 
-1 9 17 
-3 9 21 
1 9 38 
-1 9 39 
-2 9 40 
-1 9 43 
-1 9 46 
-1 9 50 
-1 9 51 
-1 9 53 
1 9 54 
0 9 55 
-1 9 60 
1 9 61 
-1 9 63 
-1 9 68 
-1 9 69 
1 9 71 
-1 9 75 
1 9 76 
-1 9 80 
1 9 81 
-1 9 86 
1 9 88 
-1 9 93 
-1 9 94 
1 9 95 
-1 9 96 
1 9 105 
1 9 108 
-1 10 11 
-1 10 14 
-1 10 19 
-1 10 20 
-2 10 22 
-1 10 24 
1 10 25 
-1 10 32 
1 10 34 
-2 10 36 
-2 10 37 
1 10 40 
1 10 44 
2 10 47 
1 10 48 
3 10 49 
-1 10 55 
1 10 59 
1 10 63 
2 10 64 
-1 10 69 
-1 10 70 
1 10 73 
-1 10 75 
0 10 78 
-1 10 80 
1 10 83 
1 10 84 
-1 10 86 
1 10 91 
-1 10 93 
1 10 94 
1 10 95 
1 10 96 
1 10 100 
-1 10 102 
-1 10 104 
-1 10 109 
1 11 12 
1 11 13 
1 11 14 
1 11 17 
-1 11 24 
1 11 25 
1 11 27 
0 11 30 
1 11 32 
1 11 39 
-1 11 40 
1 11 41 
1 11 42 
1 11 44 
1 11 48 
1 11 49 
-1 11 51 
-1 11 53 
1 11 57 
-1 11 58 
0 11 64 
1 11 66 
-2 11 67 
2 11 69 
-1 11 76 
-1 11 80 
-2 11 92 
1 11 96 
-1 11 97 
1 11 108 
1 11 110 
0 12 22 
-1 12 23 
-1 12 25 
-1 12 29 
-1 12 38 
1 12 40 
-1 12 42 
-1 12 45 
1 12 46 
0 12 48 
1 12 56 
-1 12 59 
-1 12 73 
-1 12 75 
-1 12 79 
1 12 87 
1 12 93 
-1 12 100 
1 12 102 
-1 13 17 
1 13 24 
1 13 28 
1 13 30 
0 13 33 
1 13 34 
1 13 35 
-1 13 36 
1 13 44 
1 13 49 
1 13 61 
-1 13 66 
1 13 71 
-1 13 74 
-1 13 75 
-1 13 80 
1 13 82 
2 13 84 
-1 13 85 
1 13 87 
1 13 91 
3 13 101 
1 13 102 
-1 13 104 
1 13 109 
2 13 110 
1 14 17 
1 14 18 
1 14 19 
1 14 21 
0 14 22 
1 14 25 
-1 14 29 
1 14 30 
-2 14 37 
1 14 39 
-2 14 42 
1 14 48 
1 14 50 
1 14 51 
1 14 57 
-1 14 59 
1 14 68 
-1 14 69 
-1 14 73 
-2 14 74 
-1 14 79 
1 14 84 
1 14 89 
0 14 91 
1 14 94 
-1 14 96 
1 14 100 
-1 14 104 
1 14 108 
0 15 16 
-1 15 17 
1 15 26 
-1 15 30 
1 15 31 
-1 15 35 
-1 15 45 
1 15 47 
-1 15 48 
1 15 50 
1 15 52 
1 15 56 
1 15 57 
-1 15 60 
1 15 62 
1 15 69 
0 15 75 
-1 15 76 
1 15 78 
-1 15 81 
1 15 82 
-1 15 83 
1 15 84 
1 15 86 
1 15 88 
1 15 90 
-1 15 92 
1 15 94 
-1 15 96 
-1 15 98 
-1 15 100 
-1 15 102 
1 15 104 
0 15 105 
1 15 106 
-1 15 108 
-1 15 109 
0 15 110 
1 16 23 
2 16 24 
1 16 27 
1 16 28 
-1 16 31 
-1 16 33 
-1 16 38 
1 16 39 
-1 16 41 
-1 16 44 
-2 16 45 
0 16 46 
1 16 49 
-1 16 51 
-1 16 53 
1 16 54 
0 16 61 
-1 16 62 
0 16 65 
0 16 67 
-1 16 68 
1 16 69 
1 16 70 
2 16 72 
1 16 74 
-1 16 76 
-1 16 81 
1 16 88 
1 16 93 
-1 16 96 
-1 16 97 
-1 16 100 
1 16 101 
1 16 103 
-1 16 105 
1 16 106 
-1 17 20 
1 17 25 
1 17 34 
1 17 35 
-1 17 36 
1 17 38 
-1 17 39 
1 17 43 
-1 17 48 
-1 17 50 
1 17 52 
-1 17 57 
1 17 65 
-1 17 66 
2 17 68 
-2 17 70 
1 17 75 
-1 17 76 
0 17 79 
1 17 84 
-1 17 86 
1 17 90 
1 17 93 
1 17 102 
-1 17 108 
1 18 19 
-1 18 20 
1 18 22 
-1 18 26 
1 18 27 
-1 18 28 
1 18 31 
1 18 33 
-1 18 34 
2 18 39 
-1 18 41 
1 18 47 
-1 18 51 
1 18 52 
-1 18 55 
0 18 60 
1 18 65 
1 18 74 
-2 18 77 
-1 18 86 
-1 18 89 
-1 18 91 
-1 18 95 
1 18 96 
-1 18 102 
-1 18 106 
1 18 107 
2 18 110 
0 19 21 
-1 19 22 
1 19 24 
1 19 25 
1 19 26 
-2 19 27 
-1 19 28 
1 19 36 
-1 19 43 
-1 19 44 
-1 19 49 
2 19 60 
-1 19 70 
-1 19 71 
-1 19 72 
1 19 73 
0 19 74 
-1 19 78 
-1 19 79 
-1 19 85 
-1 19 88 
-1 19 92 
0 19 93 
1 19 94 
1 19 101 
-1 19 104 
1 19 108 
1 19 110 
-1 20 29 
1 20 31 
1 20 32 
-1 20 34 
-1 20 37 
-1 20 46 
-1 20 47 
1 20 50 
-1 20 52 
1 20 53 
-1 20 54 
-1 20 55 
-1 20 59 
-1 20 66 
-1 20 73 
-1 20 74 
1 20 75 
-1 20 76 
1 20 85 
1 20 87 
1 20 90 
-1 20 95 
-1 20 108 
1 21 22 
0 21 27 
1 21 31 
1 21 32 
-1 21 36 
0 21 38 
1 21 40 
1 21 44 
-1 21 45 
-1 21 46 
-1 21 49 
1 21 55 
-1 21 57 
-1 21 61 
-2 21 63 
-1 21 66 
-2 21 69 
-1 21 71 
2 21 80 
1 21 87 
1 21 88 
1 21 94 
1 21 96 
-1 21 103 
1 21 108 
1 22 36 
1 22 37 
1 22 39 
1 22 44 
1 22 45 
1 22 47 
2 22 51 
-1 22 56 
1 22 62 
-1 22 69 
1 22 70 
-1 22 73 
0 22 75 
2 22 92 
-1 22 93 
1 22 94 
0 22 97 
-1 22 102 
-1 22 110 
1 23 24 
-1 23 27 
1 23 30 
1 23 31 
1 23 36 
0 23 40 
1 23 41 
1 23 46 
-1 23 49 
-1 23 55 
0 23 58 
1 23 61 
-1 23 65 
-1 23 79 
1 23 81 
1 23 85 
-1 23 86 
-1 23 93 
-1 23 99 
1 23 108 
-1 23 109 
-1 24 30 
-1 24 31 
1 24 32 
0 24 34 
1 24 37 
-2 24 39 
1 24 40 
-1 24 41 
-1 24 45 
-1 24 47 
1 24 49 
-1 24 53 
-1 24 54 
1 24 56 
-1 24 58 
-1 24 63 
-1 24 65 
1 24 70 
-1 24 80 
-1 24 81 
0 24 85 
1 24 86 
-1 25 27 
-1 25 28 
-1 25 31 
1 25 35 
-1 25 37 
1 25 42 
-1 25 44 
-1 25 46 
1 25 49 
-1 25 50 
-1 25 51 
-1 25 52 
1 25 55 
1 25 60 
-1 25 61 
-1 25 66 
1 25 69 
-1 25 70 
1 25 78 
-1 25 80 
1 25 84 
1 25 88 
-1 25 96 
-1 25 108 
1 26 27 
-1 26 29 
1 26 32 
-1 26 37 
-1 26 39 
-1 26 54 
1 26 55 
0 26 63 
-2 26 65 
0 26 70 
-1 26 71 
1 26 82 
1 26 84 
1 26 86 
1 26 87 
1 26 90 
1 26 91 
1 26 93 
1 26 95 
0 26 99 
1 26 101 
1 26 103 
1 26 104 
1 26 105 
1 27 29 
-1 27 33 
1 27 34 
1 27 35 
1 27 36 
-1 27 37 
1 27 38 
1 27 39 
-1 27 43 
2 27 47 
1 27 49 
1 27 52 
-1 27 53 
1 27 55 
2 27 57 
-1 27 59 
1 27 61 
-1 27 62 
1 27 68 
1 27 70 
1 27 71 
-1 27 73 
0 27 74 
-2 27 81 
1 27 83 
-1 27 88 
1 27 89 
0 27 97 
-1 27 98 
1 27 102 
1 27 108 
1 28 29 
-1 28 32 
1 28 37 
1 28 38 
-1 28 39 
-1 28 44 
-1 28 46 
2 28 50 
-1 28 51 
-1 28 56 
1 28 57 
-1 28 58 
1 28 60 
1 28 65 
0 28 71 
-1 28 74 
-1 28 78 
1 28 79 
1 28 80 
-1 28 81 
-1 28 83 
1 28 84 
-1 28 88 
1 28 93 
1 28 95 
-1 28 97 
-1 28 98 
1 28 103 
1 28 110 
-1 29 33 
1 29 34 
1 29 38 
-1 29 39 
1 29 42 
-1 29 58 
1 29 59 
-1 29 64 
-1 29 65 
1 29 68 
1 29 69 
-1 29 71 
-1 29 75 
0 29 77 
1 29 78 
-1 29 82 
-1 29 87 
-1 29 96 
2 29 97 
-2 29 102 
-1 29 103 
-1 29 104 
-1 30 34 
1 30 36 
1 30 37 
-1 30 38 
-1 30 40 
-1 30 43 
-1 30 46 
1 30 48 
-1 30 60 
1 30 62 
1 30 64 
1 30 67 
1 30 69 
0 30 72 
-1 30 75 
1 30 82 
1 30 88 
1 30 89 
-1 30 91 
1 30 92 
-1 30 94 
1 30 95 
1 30 98 
-1 30 100 
1 30 102 
1 30 109 
1 30 110 
1 31 32 
-1 31 34 
1 31 37 
2 31 39 
1 31 41 
-1 31 46 
1 31 47 
-1 31 49 
1 31 50 
-1 31 54 
-1 31 57 
-1 31 59 
-1 31 60 
1 31 62 
-2 31 64 
-2 31 65 
1 31 66 
-1 31 69 
1 31 70 
1 31 77 
1 31 79 
-1 31 85 
-1 31 89 
1 31 97 
1 31 100 
2 31 101 
1 31 103 
-1 31 109 
-1 31 110 
1 32 37 
-1 32 39 
0 32 43 
-1 32 46 
-1 32 47 
2 32 55 
-1 32 60 
-1 32 65 
-1 32 66 
0 32 68 
1 32 69 
-1 32 73 
-1 32 74 
-1 32 83 
-1 32 87 
-1 32 88 
1 32 89 
-2 32 90 
1 32 96 
1 32 97 
-1 32 100 
1 32 101 
2 32 104 
1 32 106 
1 32 107 
-1 33 44 
-1 33 46 
-1 33 55 
-1 33 56 
1 33 58 
-1 33 65 
1 33 70 
-2 33 72 
1 33 74 
-1 33 77 
-1 33 83 
1 33 96 
1 33 97 
1 33 102 
-1 33 110 
-1 34 35 
-1 34 43 
1 34 45 
-1 34 47 
1 34 49 
1 34 52 
-1 34 54 
1 34 60 
1 34 61 
-1 34 64 
1 34 72 
1 34 73 
1 34 75 
1 34 91 
-1 34 92 
1 34 94 
-1 34 101 
-1 34 103 
-1 34 104 
2 34 108 
-1 34 110 
0 35 37 
-1 35 44 
0 35 50 
0 35 54 
-1 35 57 
1 35 59 
-1 35 60 
2 35 67 
-1 35 68 
-1 35 70 
1 35 73 
1 35 75 
2 35 76 
-1 35 77 
0 35 86 
1 35 89 
-1 35 90 
2 35 92 
1 35 94 
-2 35 95 
-2 35 106 
-1 36 38 
-1 36 44 
1 36 47 
1 36 56 
0 36 61 
-1 36 63 
-1 36 64 
1 36 66 
1 36 68 
-1 36 72 
1 36 78 
0 36 79 
-1 36 82 
-1 36 83 
1 36 86 
-1 36 91 
-1 36 92 
1 36 96 
-1 36 102 
1 36 108 
0 36 110 
-2 37 41 
-1 37 43 
1 37 47 
-2 37 48 
-1 37 49 
-1 37 50 
-1 37 56 
1 37 62 
1 37 66 
-1 37 69 
1 37 70 
-1 37 78 
0 37 80 
-1 37 83 
1 37 86 
1 37 89 
-1 37 91 
0 37 92 
-1 37 100 
1 37 104 
2 37 109 
1 37 110 
-1 38 39 
1 38 44 
1 38 46 
1 38 47 
-1 38 48 
1 38 52 
1 38 55 
-1 38 61 
-1 38 64 
1 38 69 
-1 38 71 
-1 38 72 
-2 38 74 
1 38 77 
0 38 80 
-1 38 82 
-1 38 89 
1 38 92 
-1 38 101 
-1 38 103 
-1 38 106 
-1 38 107 
-1 39 42 
-1 39 44 
-1 39 46 
-2 39 49 
1 39 51 
-1 39 55 
-2 39 61 
1 39 62 
2 39 65 
1 39 69 
1 39 70 
3 39 71 
1 39 74 
1 39 79 
1 39 81 
1 39 84 
-1 39 86 
-1 39 91 
1 39 92 
-1 39 93 
-1 39 95 
1 39 96 
1 39 101 
1 39 107 
1 40 43 
1 40 44 
1 40 49 
1 40 50 
-1 40 53 
1 40 55 
-2 40 58 
-1 40 59 
-1 40 60 
1 40 61 
-1 40 65 
-1 40 66 
-1 40 67 
-1 40 68 
1 40 69 
-1 40 77 
1 40 78 
1 40 79 
-1 40 84 
-1 40 85 
1 40 89 
1 40 92 
1 40 94 
-1 40 95 
1 40 96 
1 40 101 
-1 40 105 
-1 40 107 
1 41 55 
1 41 56 
2 41 57 
1 41 58 
1 41 59 
-1 41 60 
0 41 63 
-1 41 65 
1 41 66 
-1 41 67 
1 41 72 
1 41 74 
1 41 83 
-1 41 89 
0 41 90 
-2 41 98 
-1 41 99 
2 41 100 
-1 41 102 
-1 41 104 
1 41 108 
-1 41 109 
1 42 44 
-1 42 47 
1 42 49 
-1 42 52 
-1 42 58 
1 42 59 
1 42 60 
1 42 61 
1 42 64 
1 42 65 
-2 42 74 
1 42 75 
-1 42 76 
0 42 82 
-1 42 85 
1 42 87 
-1 42 101 
-1 42 103 
-1 42 106 
1 42 110 
0 43 48 
1 43 52 
-1 43 55 
-1 43 56 
1 43 59 
1 43 60 
1 43 61 
1 43 65 
-1 43 66 
-1 43 68 
-1 43 69 
1 43 76 
-1 43 92 
1 43 94 
1 43 96 
-1 43 98 
0 43 110 
-1 44 45 
-1 44 50 
-1 44 56 
-1 44 58 
1 44 61 
1 44 64 
0 44 65 
1 44 69 
-1 44 70 
1 44 71 
-1 44 72 
1 44 73 
-1 44 74 
-1 44 80 
-1 44 82 
2 44 83 
-1 44 84 
2 44 88 
-1 44 96 
1 44 97 
1 44 100 
1 44 101 
-1 44 105 
0 44 107 
1 44 109 
1 44 110 
1 45 51 
1 45 52 
0 45 64 
1 45 68 
-1 45 69 
-1 45 76 
-1 45 81 
-2 45 85 
1 45 87 
0 45 92 
-1 45 93 
1 45 96 
-1 45 99 
1 45 100 
-1 45 102 
-1 45 103 
0 45 105 
1 45 107 
-2 45 110 
1 46 47 
1 46 49 
-1 46 53 
1 46 55 
1 46 56 
2 46 60 
1 46 61 
-1 46 62 
1 46 66 
-1 46 67 
1 46 71 
1 46 73 
0 46 75 
1 46 83 
-1 46 84 
-1 46 86 
1 46 89 
1 46 92 
-1 46 93 
-1 46 94 
-1 46 95 
-1 46 96 
-1 46 97 
-1 46 99 
-1 46 100 
-2 47 49 
-1 47 50 
2 47 55 
1 47 56 
-1 47 61 
-1 47 68 
0 47 72 
-1 47 78 
1 47 82 
-2 47 86 
1 47 97 
1 47 99 
-1 47 100 
-1 47 101 
1 47 102 
2 47 105 
1 47 108 
1 47 109 
1 48 49 
0 48 50 
-2 48 52 
1 48 53 
-1 48 56 
-1 48 65 
-1 48 66 
-1 48 80 
1 48 84 
2 48 89 
1 48 94 
-1 48 95 
1 48 98 
2 48 100 
0 48 104 
-1 48 106 
-1 48 109 
-1 49 51 
1 49 55 
1 49 59 
1 49 61 
1 49 62 
-1 49 64 
-1 49 69 
1 49 84 
-1 49 96 
-2 49 103 
-1 49 105 
1 49 106 
0 49 110 
1 50 51 
1 50 52 
2 50 56 
1 50 57 
2 50 60 
1 50 80 
1 50 94 
-1 50 96 
-1 50 97 
-1 50 98 
-1 50 100 
1 50 103 
-1 50 104 
0 50 107 
-1 51 64 
1 51 70 
-1 51 75 
1 51 78 
1 51 80 
1 51 81 
0 51 85 
1 51 88 
2 51 96 
1 51 97 
1 51 99 
-1 51 101 
1 51 102 
-1 51 104 
1 51 106 
-1 51 108 
-1 52 56 
-1 52 59 
-1 52 60 
1 52 68 
1 52 72 
1 52 75 
-1 52 81 
1 52 85 
1 52 94 
-1 52 101 
1 52 107 
1 52 110 
-1 53 55 
-1 53 56 
1 53 73 
1 53 75 
1 53 85 
-1 53 89 
1 53 94 
0 53 95 
1 53 96 
1 53 101 
1 53 104 
-1 53 105 
-1 54 58 
1 54 61 
1 54 65 
-1 54 73 
-1 54 76 
-1 54 85 
-2 54 87 
-1 54 91 
-1 54 93 
-1 54 103 
-1 54 104 
-1 54 105 
0 54 106 
-1 54 108 
1 55 58 
1 55 60 
-1 55 65 
-1 55 67 
-1 55 73 
1 55 76 
-1 55 77 
-1 55 79 
-1 55 80 
1 55 86 
-1 55 90 
-1 55 94 
1 55 97 
-1 55 98 
1 55 102 
1 55 105 
0 55 106 
1 55 108 
-1 56 59 
-1 56 62 
-1 56 70 
-2 56 72 
1 56 81 
-1 56 84 
-1 56 85 
-1 56 87 
1 56 88 
1 56 94 
0 56 98 
1 56 99 
1 56 100 
0 56 107 
-1 56 109 
-1 57 65 
-1 57 66 
-1 57 73 
-1 57 77 
1 57 83 
-2 57 88 
-1 57 90 
-1 57 91 
1 57 95 
1 57 102 
1 57 107 
1 58 60 
1 58 65 
1 58 66 
1 58 72 
-1 58 78 
-1 58 79 
1 58 82 
1 58 87 
1 58 91 
0 58 92 
1 58 93 
1 58 97 
1 58 106 
1 58 108 
1 59 60 
1 59 63 
-1 59 69 
1 59 72 
1 59 73 
-2 59 85 
-1 59 87 
-1 59 92 
1 59 93 
1 59 94 
1 59 95 
-1 59 100 
-1 59 110 
0 60 61 
1 60 68 
-1 60 69 
1 60 70 
1 60 73 
-1 60 74 
-1 60 77 
-1 60 78 
-1 60 80 
-1 60 81 
-1 60 83 
1 60 90 
1 60 93 
1 60 95 
-1 60 96 
1 60 98 
-1 60 99 
1 60 107 
1 60 108 
-1 61 62 
1 61 64 
-2 61 65 
-3 61 69 
2 61 72 
1 61 82 
1 61 84 
-1 61 88 
-1 61 90 
1 61 91 
2 61 110 
1 62 63 
-1 62 69 
0 62 77 
-1 62 80 
-1 62 85 
1 62 89 
-1 62 93 
1 62 94 
1 62 95 
1 62 99 
-1 62 103 
0 62 104 
1 62 108 
1 63 65 
1 63 71 
-1 63 73 
1 63 78 
-1 63 83 
1 63 94 
-1 63 95 
-1 63 96 
-1 63 99 
0 63 100 
1 63 102 
1 63 106 
-1 63 108 
-1 64 71 
-1 64 72 
-1 64 74 
-1 64 81 
1 64 83 
1 64 89 
1 64 92 
1 64 93 
1 64 96 
-1 64 97 
-1 64 99 
-1 64 102 
-1 64 104 
-1 64 107 
-1 64 108 
1 64 110 
-1 65 67 
-1 65 70 
1 65 71 
1 65 72 
-1 65 73 
1 65 77 
-1 65 78 
-1 65 95 
1 65 103 
-1 65 104 
-1 65 105 
0 65 109 
1 65 110 
-1 66 68 
-1 66 76 
0 66 78 
2 66 79 
-2 66 84 
0 66 87 
1 66 90 
1 66 94 
-1 66 97 
-1 66 100 
-1 66 101 
-1 66 102 
1 66 104 
-1 66 107 
1 66 108 
1 66 109 
-1 67 71 
1 67 75 
-1 67 77 
-1 67 79 
-1 67 80 
-1 67 81 
1 67 85 
-1 67 86 
1 67 89 
1 67 90 
-1 67 97 
-1 67 98 
3 67 102 
1 67 106 
1 67 107 
-1 67 110 
1 68 77 
-1 68 81 
-1 68 82 
-1 68 84 
1 68 87 
-1 68 95 
-1 68 96 
-1 68 97 
-1 68 100 
-1 68 101 
1 68 103 
-1 68 104 
-1 68 108 
-1 69 71 
-1 69 80 
2 69 81 
1 69 83 
-1 69 85 
-3 69 87 
-1 69 88 
-1 69 91 
-1 69 93 
1 69 94 
1 69 96 
-1 69 109 
1 69 110 
-1 70 71 
1 70 80 
-1 70 83 
1 70 90 
-1 70 94 
-1 70 96 
-1 70 97 
1 70 101 
1 70 105 
1 70 106 
-1 70 108 
-1 70 109 
1 71 72 
1 71 74 
-1 71 75 
1 71 79 
1 71 80 
1 71 84 
-2 71 86 
1 71 91 
-1 71 94 
1 71 104 
1 71 107 
-1 72 73 
1 72 74 
1 72 75 
-1 72 78 
1 72 83 
1 72 84 
1 72 87 
-1 72 88 
1 72 91 
1 72 102 
1 72 105 
1 72 110 
1 73 74 
-1 73 75 
-1 73 84 
1 73 87 
-1 73 89 
-1 73 90 
1 73 91 
-1 73 92 
1 73 93 
-1 73 99 
1 73 104 
1 73 105 
-1 74 75 
1 74 80 
-1 74 82 
-1 74 84 
1 74 85 
-1 74 88 
1 74 93 
-1 74 94 
1 74 98 
1 74 104 
1 74 107 
-1 74 108 
1 75 83 
1 75 86 
-1 75 88 
1 75 90 
-1 75 92 
1 75 96 
1 75 102 
1 75 103 
-1 75 104 
-1 75 110 
0 76 80 
1 76 83 
-1 76 85 
1 76 86 
1 76 88 
1 76 89 
0 76 91 
-1 76 92 
-1 76 94 
1 76 103 
-1 76 106 
-1 76 107 
1 77 80 
-1 77 81 
-1 77 84 
1 77 91 
-1 77 93 
1 77 95 
1 77 96 
-1 77 97 
-1 77 99 
-1 77 102 
1 77 105 
1 77 106 
-1 77 109 
1 78 88 
-2 78 92 
-1 78 94 
-1 78 95 
1 78 96 
1 78 97 
1 78 109 
2 79 81 
1 79 83 
0 79 87 
-1 79 91 
1 79 93 
-1 79 96 
1 79 98 
-1 79 100 
1 79 101 
-2 80 82 
2 80 85 
-1 80 89 
-1 80 90 
-1 80 91 
1 80 96 
-1 80 98 
1 80 104 
-1 80 107 
1 80 108 
-2 80 110 
1 81 83 
2 81 84 
-2 81 96 
-1 81 97 
0 81 102 
-1 81 104 
-1 81 110 
-1 82 85 
-1 82 87 
1 82 88 
1 82 91 
0 82 101 
0 82 109 
0 82 110 
-2 83 85 
-1 83 86 
0 83 87 
1 83 89 
-1 83 95 
1 83 99 
-1 83 104 
-1 83 107 
-2 84 88 
1 84 100 
1 84 104 
1 84 105 
0 84 106 
0 84 110 
1 85 88 
1 85 91 
-1 85 92 
-1 85 94 
1 85 96 
-1 85 99 
-1 85 100 
0 85 101 
1 85 103 
1 85 104 
-1 85 105 
-1 85 107 
-1 85 108 
-1 85 109 
-1 86 92 
1 86 93 
1 86 95 
1 86 100 
-1 86 110 
0 87 89 
1 87 90 
2 87 91 
-1 87 94 
-1 87 97 
-1 87 99 
-1 87 100 
1 87 101 
1 87 103 
-1 87 106 
-2 87 110 
1 88 89 
1 88 90 
0 88 93 
1 88 101 
1 88 106 
-1 88 107 
-1 88 109 
-1 88 110 
1 89 91 
0 89 95 
1 89 98 
1 89 99 
-1 89 100 
-1 89 105 
-1 89 106 
-1 89 110 
-1 90 92 
-1 90 93 
-1 90 96 
-2 90 104 
-1 90 108 
-1 91 92 
-1 91 93 
-1 91 94 
-1 91 97 
1 91 99 
-1 91 100 
1 91 101 
1 91 105 
-1 91 106 
-1 92 95 
1 92 97 
1 92 98 
1 92 104 
1 92 105 
0 93 96 
-1 93 97 
1 93 98 
1 93 104 
-1 93 105 
1 93 109 
-1 93 110 
1 94 96 
1 94 103 
-1 94 105 
1 94 110 
0 95 100 
1 95 105 
-2 95 110 
-1 96 98 
1 96 100 
-1 96 101 
-2 96 102 
1 96 104 
-1 96 106 
1 96 110 
1 97 101 
-1 97 102 
1 98 99 
-2 98 100 
1 98 102 
-1 98 105 
-1 98 107 
1 98 108 
1 98 109 
-1 98 110 
-1 99 100 
1 99 103 
1 99 105 
1 99 108 
1 99 109 
-1 100 105 
-1 100 106 
-1 100 109 
-1 100 110 
-1 101 107 
-2 102 110 
1 104 105 
1 104 106 
-1 104 110 
-1 105 109 
-1 106 110 
1 107 109 
1 108 109 
