699
111
4
-1 0 1 4 34 
1 0 1 6 90 
1 0 1 6 94 
1 0 1 18 39 
1 0 1 30 75 
-1 0 1 33 65 
1 0 1 36 56 
-1 0 1 47 82 
-1 0 1 50 52 
-1 0 1 62 77 
-1 0 1 62 104 
-1 0 1 68 96 
-1 0 1 87 101 
1 0 2 3 49 
1 0 2 4 70 
-1 0 2 4 96 
1 0 2 12 75 
1 0 2 13 35 
-1 0 2 16 46 
-1 0 2 16 61 
1 0 2 17 90 
-1 0 2 25 49 
-1 0 2 26 27 
-1 0 2 29 102 
-1 0 2 35 44 
-1 0 2 40 55 
1 0 2 47 61 
1 0 2 71 72 
1 0 2 71 86 
1 0 2 71 91 
1 0 2 80 104 
1 0 3 4 67 
-1 0 3 5 42 
1 0 3 6 7 
1 0 3 7 82 
-1 0 3 8 30 
1 0 3 15 84 
-1 0 3 18 51 
1 0 3 29 64 
1 0 3 31 64 
1 0 3 47 86 
-1 0 3 52 68 
-1 0 3 65 103 
-1 0 3 70 109 
1 0 3 71 74 
-1 0 3 71 80 
-1 0 3 81 102 
1 0 3 82 101 
1 0 4 10 59 
1 0 4 10 70 
-1 0 4 11 69 
-1 0 4 12 40 
1 0 4 16 62 
-1 0 4 17 52 
-1 0 4 22 92 
1 0 4 28 39 
-1 0 4 33 74 
-1 0 4 44 88 
1 0 4 50 60 
-1 0 4 54 58 
1 0 4 54 105 
-1 0 4 56 62 
-1 0 4 57 91 
1 0 4 58 91 
1 0 4 63 106 
1 0 4 87 100 
-1 0 5 6 57 
-1 0 5 6 91 
-1 0 5 6 96 
-1 0 5 7 71 
-1 0 5 8 102 
1 0 5 10 84 
1 0 5 11 24 
1 0 5 11 32 
-1 0 5 12 38 
-1 0 5 12 46 
1 0 5 18 60 
-1 0 5 19 60 
-1 0 5 24 54 
-1 0 5 35 75 
1 0 5 37 92 
-1 0 5 42 65 
-1 0 5 51 102 
-1 0 5 52 94 
-1 0 5 56 72 
-1 0 5 58 97 
1 0 5 66 90 
1 0 5 77 109 
1 0 5 83 87 
-1 0 6 7 42 
-1 0 6 8 59 
-1 0 6 10 25 
1 0 6 13 36 
1 0 6 22 110 
1 0 6 28 51 
-1 0 6 29 39 
-1 0 6 30 110 
1 0 6 32 43 
-1 0 6 34 35 
-1 0 6 35 37 
1 0 6 37 62 
1 0 6 43 76 
-1 0 6 48 98 
1 0 6 65 95 
-1 0 6 74 82 
-1 0 6 77 106 
1 0 6 88 106 
-1 0 6 96 102 
1 0 7 9 94 
-1 0 7 15 98 
1 0 7 19 27 
1 0 7 19 49 
1 0 7 25 46 
-1 0 7 30 109 
1 0 7 34 60 
1 0 7 35 50 
-1 0 7 45 81 
1 0 7 55 73 
1 0 7 60 78 
-1 0 7 63 73 
-1 0 7 70 90 
1 0 7 79 101 
-1 0 7 93 104 
-1 0 8 16 41 
-1 0 8 17 34 
1 0 8 19 43 
1 0 8 23 40 
1 0 8 25 44 
1 0 8 44 73 
1 0 8 46 47 
1 0 8 50 56 
1 0 8 68 95 
-1 0 8 76 91 
-1 0 8 77 93 
1 0 9 16 88 
-1 0 9 17 68 
1 0 9 21 38 
-1 0 9 21 40 
-1 0 9 21 55 
-1 0 9 39 95 
-1 0 9 40 50 
-1 0 9 43 55 
1 0 9 46 60 
1 0 9 51 88 
-1 0 9 53 105 
-1 0 9 54 61 
1 0 9 63 108 
-1 0 9 69 71 
1 0 9 75 88 
1 0 9 76 80 
1 0 9 81 96 
1 0 9 86 93 
1 0 10 11 69 
1 0 10 14 22 
-1 0 10 19 104 
1 0 10 20 47 
-1 0 10 22 75 
-1 0 10 24 47 
1 0 10 32 83 
1 0 10 34 94 
-1 0 10 36 63 
-1 0 10 36 64 
1 0 10 37 49 
1 0 10 37 78 
1 0 10 40 49 
-1 0 10 44 80 
1 0 10 48 49 
-1 0 10 55 86 
-1 0 10 64 102 
1 0 10 73 75 
1 0 10 75 96 
1 0 10 78 109 
1 0 10 91 93 
-1 0 10 95 100 
-1 0 11 12 48 
-1 0 11 13 49 
-1 0 11 14 57 
-1 0 11 17 76 
-1 0 11 25 51 
-1 0 11 27 53 
1 0 11 30 40 
1 0 11 30 67 
-1 0 11 39 96 
-1 0 11 41 67 
-1 0 11 42 58 
1 0 11 44 64 
1 0 11 64 92 
-1 0 11 66 108 
-1 0 11 80 110 
-1 0 11 92 97 
1 0 12 22 45 
-1 0 12 22 73 
1 0 12 23 93 
-1 0 12 25 42 
-1 0 12 29 102 
-1 0 12 48 100 
1 0 12 56 59 
-1 0 12 79 87 
1 0 13 17 75 
-1 0 13 24 80 
-1 0 13 28 71 
1 0 13 30 110 
1 0 13 33 102 
1 0 13 33 110 
1 0 13 34 104 
1 0 13 44 101 
-1 0 13 61 84 
-1 0 13 66 87 
1 0 13 74 84 
1 0 13 82 109 
1 0 13 85 101 
-1 0 13 91 101 
-1 0 14 17 84 
1 0 14 18 91 
1 0 14 19 21 
1 0 14 22 37 
-1 0 14 25 50 
-1 0 14 29 42 
-1 0 14 29 59 
-1 0 14 29 68 
1 0 14 30 89 
1 0 14 37 91 
-1 0 14 39 42 
-1 0 14 48 94 
-1 0 14 51 104 
1 0 14 69 96 
1 0 14 73 74 
-1 0 14 74 108 
-1 0 14 79 100 
-1 0 15 16 100 
1 0 15 16 105 
-1 0 15 17 48 
-1 0 15 26 84 
1 0 15 30 48 
1 0 15 31 62 
1 0 15 35 76 
-1 0 15 45 110 
1 0 15 47 105 
-1 0 15 48 52 
-1 0 15 50 57 
1 0 15 56 94 
1 0 15 60 108 
1 0 15 69 88 
1 0 15 75 102 
1 0 15 75 110 
-1 0 15 78 92 
1 0 15 81 104 
1 0 15 82 109 
-1 0 15 83 86 
-1 0 15 84 106 
1 0 15 90 96 
-1 0 16 23 61 
1 0 16 24 70 
-1 0 16 24 81 
1 0 16 27 49 
1 0 16 28 103 
1 0 16 31 69 
1 0 16 33 72 
-1 0 16 38 101 
1 0 16 39 46 
1 0 16 44 65 
1 0 16 45 51 
-1 0 16 45 68 
1 0 16 53 96 
1 0 16 54 76 
-1 0 16 65 67 
-1 0 16 67 106 
1 0 16 72 74 
1 0 16 93 97 
1 0 17 20 50 
-1 0 17 25 108 
1 0 17 35 70 
1 0 17 36 38 
-1 0 17 36 68 
1 0 17 36 102 
1 0 17 39 70 
1 0 17 39 79 
-1 0 17 39 86 
-1 0 17 43 66 
1 0 17 57 65 
-1 0 17 79 93 
1 0 18 19 110 
1 0 18 20 52 
1 0 18 22 102 
-1 0 18 26 86 
1 0 18 27 47 
1 0 18 28 74 
1 0 18 31 89 
1 0 18 33 77 
1 0 18 34 110 
1 0 18 39 107 
-1 0 18 41 65 
-1 0 18 55 60 
-1 0 18 77 95 
-1 0 18 96 106 
1 0 19 21 27 
-1 0 19 22 93 
-1 0 19 24 85 
1 0 19 25 60 
-1 0 19 26 101 
1 0 19 28 93 
-1 0 19 36 79 
-1 0 19 44 88 
1 0 19 70 108 
-1 0 19 71 104 
-1 0 19 72 74 
1 0 19 73 92 
-1 0 19 74 104 
-1 0 19 78 94 
-1 0 20 29 34 
1 0 20 31 46 
1 0 20 32 74 
-1 0 20 37 66 
1 0 20 53 95 
1 0 20 54 85 
1 0 20 55 76 
-1 0 20 59 87 
1 0 20 73 75 
-1 0 20 90 108 
-1 0 21 22 94 
1 0 21 27 57 
1 0 21 31 49 
1 0 21 32 88 
-1 0 21 36 61 
-1 0 21 38 103 
1 0 21 44 45 
1 0 21 46 66 
-1 0 21 63 71 
-1 0 21 63 96 
-1 0 21 69 80 
-1 0 21 69 87 
-1 0 21 80 108 
1 0 22 36 47 
1 0 22 39 92 
-1 0 22 44 56 
-1 0 22 51 75 
-1 0 22 51 97 
1 0 22 62 69 
-1 0 22 70 97 
1 0 23 24 85 
1 0 23 27 81 
1 0 23 30 36 
-1 0 23 31 41 
1 0 23 40 79 
1 0 23 46 86 
-1 0 23 49 55 
-1 0 23 58 65 
-1 0 23 58 108 
-1 0 23 99 109 
-1 0 24 30 34 
1 0 24 31 39 
1 0 24 32 65 
-1 0 24 34 45 
-1 0 24 37 86 
-1 0 24 39 49 
1 0 24 40 58 
-1 0 24 41 63 
-1 0 24 53 56 
1 0 25 27 52 
-1 0 25 28 50 
-1 0 25 31 37 
-1 0 25 35 50 
1 0 25 46 55 
-1 0 25 46 96 
1 0 25 61 69 
-1 0 25 66 84 
-1 0 25 70 80 
-1 0 25 78 88 
1 0 26 27 70 
1 0 26 27 71 
-1 0 26 29 82 
-1 0 26 32 104 
-1 0 26 37 70 
1 0 26 39 91 
-1 0 26 54 93 
1 0 26 55 65 
1 0 26 63 65 
1 0 26 63 99 
-1 0 26 87 90 
-1 0 26 95 105 
-1 0 26 99 103 
-1 0 27 29 97 
1 0 27 33 55 
-1 0 27 34 43 
1 0 27 35 37 
-1 0 27 36 108 
-1 0 27 38 47 
-1 0 27 39 74 
1 0 27 57 88 
-1 0 27 59 73 
-1 0 27 61 62 
1 0 27 68 81 
-1 0 27 74 98 
-1 0 27 83 89 
-1 0 27 97 102 
1 0 28 29 71 
-1 0 28 32 60 
-1 0 28 37 83 
1 0 28 38 80 
1 0 28 44 97 
-1 0 28 46 56 
-1 0 28 50 98 
-1 0 28 57 95 
-1 0 28 58 79 
1 0 28 65 78 
1 0 28 81 110 
-1 0 28 84 88 
-1 0 29 33 58 
-1 0 29 38 77 
-1 0 29 65 77 
-1 0 29 69 87 
1 0 29 75 103 
-1 0 29 78 97 
-1 0 29 96 104 
-1 0 30 37 100 
-1 0 30 38 82 
-1 0 30 43 94 
-1 0 30 46 60 
1 0 30 62 95 
1 0 30 64 110 
-1 0 30 69 91 
1 0 30 72 88 
1 0 30 72 102 
1 0 30 92 98 
-1 0 31 32 37 
-1 0 31 34 47 
1 0 31 37 50 
-1 0 31 39 101 
1 0 31 54 103 
-1 0 31 57 77 
1 0 31 59 60 
1 0 31 64 97 
1 0 31 65 109 
-1 0 31 65 110 
-1 0 31 66 79 
1 0 31 70 101 
1 0 31 85 100 
1 0 32 39 55 
1 0 32 43 68 
1 0 32 46 96 
1 0 32 47 101 
1 0 32 55 90 
-1 0 32 66 107 
1 0 32 68 100 
-1 0 32 69 88 
1 0 32 73 89 
1 0 32 87 97 
1 0 32 88 90 
-1 0 32 104 106 
1 0 33 44 96 
1 0 33 46 97 
-1 0 33 56 70 
-1 0 33 72 83 
1 0 34 49 103 
1 0 34 52 101 
1 0 34 54 108 
1 0 34 61 72 
-1 0 34 64 108 
-1 0 34 73 91 
-1 0 34 75 92 
0 0 35 54 106 
1 0 35 57 73 
1 0 35 59 94 
-1 0 35 60 95 
-1 0 35 67 86 
1 0 35 67 89 
-1 0 35 68 77 
-1 0 35 76 86 
1 0 35 90 92 
1 0 35 92 95 
-1 0 36 44 83 
-1 0 36 61 82 
1 0 36 66 78 
1 0 36 72 110 
1 0 36 79 91 
1 0 36 86 92 
-1 0 36 96 110 
-1 0 37 41 56 
1 0 37 41 89 
1 0 37 43 48 
-1 0 37 47 109 
-1 0 37 48 80 
1 0 37 69 109 
1 0 37 80 110 
1 0 37 92 104 
-1 0 38 39 71 
1 0 38 44 72 
1 0 38 46 92 
1 0 38 48 52 
1 0 38 55 106 
1 0 38 61 69 
-1 0 38 64 89 
1 0 38 74 80 
1 0 38 74 107 
-1 0 39 44 69 
-1 0 39 49 51 
-1 0 39 61 65 
-1 0 39 61 69 
1 0 39 62 93 
-1 0 39 65 71 
1 0 39 69 81 
1 0 39 71 84 
1 0 40 43 96 
-1 0 40 44 84 
1 0 40 53 89 
1 0 40 58 92 
-1 0 40 59 95 
1 0 40 60 68 
1 0 40 61 65 
1 0 40 66 78 
1 0 40 67 85 
1 0 40 69 94 
-1 0 40 77 105 
1 0 40 101 107 
1 0 41 55 108 
1 0 41 57 83 
-1 0 41 57 90 
-1 0 41 58 66 
1 0 41 59 72 
-1 0 41 60 74 
-1 0 41 63 102 
1 0 41 90 104 
-1 0 41 98 99 
-1 0 41 98 100 
1 0 41 100 109 
1 0 42 44 74 
1 0 42 47 49 
1 0 42 52 60 
1 0 42 59 85 
-1 0 42 61 64 
1 0 42 74 75 
-1 0 42 76 103 
1 0 42 82 101 
1 0 42 82 110 
-1 0 42 87 106 
-1 0 43 48 65 
1 0 43 52 110 
-1 0 43 56 98 
-1 0 43 59 92 
1 0 43 60 61 
1 0 43 69 110 
-1 0 44 50 107 
1 0 44 58 82 
-1 0 44 61 110 
1 0 44 65 109 
1 0 44 70 71 
-1 0 44 83 107 
-1 0 44 100 105 
-1 0 45 52 107 
1 0 45 64 93 
-1 0 45 64 99 
1 0 45 69 87 
-1 0 45 76 92 
-1 0 45 85 103 
1 0 45 85 105 
-1 0 45 92 105 
1 0 45 96 102 
-1 0 45 100 110 
-1 0 46 49 61 
-1 0 46 53 95 
-1 0 46 62 99 
1 0 46 67 75 
-1 0 46 71 94 
-1 0 46 73 84 
-1 0 46 75 83 
-1 0 46 89 100 
1 0 46 93 96 
1 0 47 49 105 
-1 0 47 50 97 
-1 0 47 55 102 
-1 0 47 55 105 
-1 0 47 56 72 
-1 0 47 68 108 
-1 0 47 72 78 
1 0 47 86 100 
1 0 47 99 105 
-1 0 48 50 56 
-1 0 48 50 104 
1 0 48 53 104 
-1 0 48 66 109 
1 0 48 84 100 
-1 0 48 89 95 
-1 0 48 89 106 
-1 0 49 59 69 
1 0 49 62 103 
-1 0 49 64 96 
-1 0 49 84 110 
-1 0 49 106 110 
-1 0 50 51 80 
1 0 50 60 107 
1 0 50 94 103 
-1 0 50 96 100 
1 0 51 64 81 
1 0 51 70 106 
-1 0 51 78 96 
1 0 51 85 99 
1 0 51 85 108 
1 0 51 96 101 
1 0 52 56 81 
1 0 52 59 85 
1 0 52 72 75 
1 0 53 55 94 
-1 0 53 73 75 
1 0 53 85 101 
1 0 54 65 104 
1 0 54 73 87 
-1 0 54 87 91 
1 0 55 58 106 
-1 0 55 67 97 
-1 0 55 77 80 
-1 0 55 79 98 
-1 0 56 84 88 
1 0 56 85 107 
1 0 56 87 99 
1 0 56 98 100 
1 0 56 107 109 
1 0 57 66 102 
-1 0 57 88 107 
-1 0 58 60 93 
1 0 58 72 87 
-1 0 58 78 92 
-1 0 59 63 100 
1 0 59 93 110 
1 0 60 61 90 
-1 0 60 69 81 
-1 0 60 70 83 
-1 0 60 73 99 
-1 0 60 77 96 
1 0 60 80 98 
-1 0 61 72 91 
1 0 61 88 110 
1 0 62 63 94 
-1 0 62 77 99 
1 0 62 80 89 
1 0 62 85 104 
1 0 62 99 108 
1 0 63 78 95 
1 0 63 83 95 
1 0 63 95 100 
1 0 64 71 107 
-1 0 64 72 74 
-1 0 64 83 104 
-1 0 65 70 105 
-1 0 65 72 73 
1 0 66 68 104 
1 0 66 76 94 
1 0 66 79 87 
1 0 66 84 100 
1 0 66 97 101 
1 0 67 71 79 
-1 0 67 77 102 
-1 0 67 80 90 
-1 0 67 81 102 
-1 0 67 98 107 
-1 0 67 102 110 
-1 0 68 81 84 
1 0 68 81 97 
1 0 68 82 101 
1 0 68 87 103 
1 0 69 83 85 
1 0 69 88 93 
-1 0 70 94 96 
-1 0 71 75 86 
1 0 72 84 105 
-1 0 73 90 93 
-1 0 73 104 105 
-1 0 74 85 94 
1 0 74 88 93 
-1 0 75 90 104 
1 0 76 80 107 
1 0 76 83 85 
1 0 76 88 89 
1 0 76 91 106 
-1 0 77 81 84 
-1 0 77 91 97 
-1 0 79 81 83 
1 0 79 81 96 
1 0 80 82 85 
1 0 80 82 91 
-1 0 80 85 96 
-1 0 82 87 110 
-1 0 82 88 101 
1 0 83 87 99 
-1 0 84 100 106 
1 0 84 104 110 
1 0 85 88 109 
-1 0 85 91 92 
-1 0 86 95 110 
-1 0 87 89 91 
1 0 87 89 99 
-1 0 87 94 110 
1 0 89 95 110 
1 0 89 98 105 
1 0 91 94 105 
-1 0 91 99 100 
-1 0 93 96 98 
1 0 93 105 109 
1 0 98 102 110 
1 0 98 108 109 
